1, 9625
2, 1678
3, 1236
4, 12102
5, 13182
6, 17057
7, 23924
8, 28835
9, 1714
10, 8002
11, 19475
12, 10083
13, 28304
14, 20372
15, 13637
16, 29359
17, 18225
18, 4717
19, 14970
20, 11899
21, 13390
22, 8843
23, 31526
24, 9972
25, 5702
26, 3151
27, 27599
28, 10414
29, 2653
30, 22410
31, 10884
32, 25133
33, 7050
34, 14558
35, 15843
36, 21094
37, 19355
38, 27573
39, 25382
40, 532
41, 19521
42, 28959
43, 26961
44, 29422
45, 8535
46, 9220
47, 23308
48, 18948
49, 4327
50, 30778
51, 18193
52, 2950
53, 11731
54, 8545
55, 14081
56, 29462
57, 28551
58, 11857
59, 28946
60, 9410
61, 32095
62, 4786
63, 736
64, 3622
65, 7724
66, 11442
67, 32303
68, 3576
69, 13760
70, 11817
71, 20771
72, 1420
73, 19461
74, 12990
75, 31880
76, 26590
77, 23735
78, 5076
79, 28329
80, 30224
81, 12706
82, 18537
83, 3058
84, 5562
85, 1972
86, 27485
87, 32217
88, 31816
89, 10082
90, 13972
91, 28456
92, 1285
93, 12540
94, 4737
95, 31409
96, 6962
97, 14280
98, 27625
99, 12296
100, 3144
